: Bằng 2. BẰNG PHƯƠNG HƯỚNG PHỐI HÔN THEO NGÀY THÁNG ÂM LỊCH
1. Phương đông bắc - tây nam
| 1 6 7 | 12 | 13 | 18 .| 19 |24 | 25 | 39
_ : 2 s |1i|l12|17119|22122129 30
. 3 s |10|11|16|17|22|23|25 29
4 4 s | lo | 15 |16 | 91 |22 |27|28
, 5 3 8 gs | 14 | 15 | 20 | 2126 127
6 2 kị s la |14 |19 | 20 | 25 | 26
k 6 7 | 12 |12 | 18 |19|24 | 25 | 39 =_
8 s lin|i2|17|18|22)22|2 30
9 s |10 |11 | 16 |17 |22 |, 23 128 29
10 4 ø |1o |1 |16|921|22|27128
11 3 8 s | 14 | 15 | 20 | 21 | 26 |” BS
P . 12 z | 7 | 8 |13 | 14 | 19 | 20 | 25 26 |
`
¬ - 2, Phương đông - tây
_ 1 2 8 14 20 26
¬ 2 1 1 18 19 25
| " . 3 6 12 18 24 30
4 5 11 17 23 29
l 5 4 10 16 22 28
h 6 3 9 15 21 DXi
1 2 8 14 20 26
8 1 1 18 19 25
9 6 19 18 24 30
10 b) 11 17 23 29
11 4 10 16 22 28
12 3 9 15 21 37
374
