. 3. Phương tây bắc - đông nam 3
>
1 s | 4 | 9 | 10 | 16 | 16 | 21 | 22 | 27 | 28
| 9 2s |3 | s |9 |14|115|20|21|26 |2 3
| 8 1 | 2 | 7 | 8 |13 | 12 | 19 | 29 | 2 | 2
4 1 | 6 | 7 |12|14 |18 |19 | 24 | 25 | 390
| : 5 s | 6ø |11 12 |17 |15 | 23 | 24 | 29 |39
_ 6 4 | s |10 |11 | 16 |17 | 22 | 23 | 28 | 29
: kị 3 4 9 | 10 | 15 | 16 |21 | 22 | 27 | 28 ]
: 8 s | 3 | sg | 9 |14 | 15 | 920 | 321 | 26 |27 4
9 ¡ | 3 | 7 | 8 |12|14|19| 20 | 25 | 2 )
10 1 | 6 | 7 |12|12|18 |19|24 | 25 | 30 ñ
11 s | 6 |11 |12 |17 | 18 | 232 |24 | 29 |39
19 4 | 5 |10 |1 |16 |17 | 22 | 23 |28 129 {
)
` l 4. Phương nam bắc
^I l
1 5 11 17 23 29
: 3 4 10 16 22 28
3 3 9 16 21 37
| 4 2 8 14 20 26
5 1 1 13 19 25
bo, 6 6 12 18 24 30
" L L) 11 17 28 29
8 4 10 16 22 28
. 9 8 9 16 21 27 —
10 2 8 14 20 26 -
11 1 1 18 19 35
19 6 12 18 24 30
275
